0 0
30 0
60 0
90 0
120 0
150 0
180 0
210 0
240 0
270 0
300 0
330 0
360 0
390 0
420 0
450 0
480 0
510 0
540 0
570 0
600 0
630 0
660 0
690 0
720 0
750 0
780 0
810 0
840 0
870 0
900 0
930 0
960 0
990 0
1020 0
1050 0
1080 0
1110 0
1140 0
0 30
30 30
60 30
90 30
270 30
300 30
330 30
360 30
390 30
420 30
450 30
480 30
510 30
540 30
570 30
600 30
630 30
1020 30
1050 30
1080 30
1110 30
1140 30
0 60
30 60
60 60
90 60
270 60
300 60
330 60
360 60
390 60
420 60
450 60
480 60
510 60
540 60
570 60
600 60
630 60
1080 60
1110 60
1140 60
0 90
30 90
60 90
90 90
270 90
300 90
330 90
360 90
390 90
420 90
450 90
480 90
510 90
540 90
570 90
600 90
630 90
720 90
750 90
1140 90
0 120
30 120
60 120
90 120
270 120
300 120
330 120
360 120
390 120
420 120
450 120
480 120
510 120
540 120
570 120
600 120
630 120
720 120
750 120
1140 120
0 150
1080 150
1110 150
1140 150
0 180
1080 180
1110 180
1140 180
0 210
30 210
60 210
90 210
1140 210
0 240
30 240
60 240
90 240
1140 240
0 270
540 270
570 270
600 270
630 270
660 270
690 270
720 270
750 270
1140 270
0 300
30 300
60 300
90 300
120 300
150 300
180 300
210 300
240 300
270 300
300 300
330 300
360 300
540 300
570 300
600 300
630 300
660 300
690 300
720 300
750 300
930 300
960 300
990 300
1020 300
1050 300
1080 300
1110 300
1140 300
0 330
30 330
60 330
90 330
120 330
150 330
180 330
210 330
240 330
270 330
300 330
330 330
360 330
540 330
570 330
600 330
630 330
660 330
690 330
720 330
750 330
930 330
960 330
990 330
1020 330
1050 330
1080 330
1110 330
1140 330
0 360
30 360
60 360
90 360
120 360
150 360
180 360
210 360
240 360
270 360
300 360
330 360
540 360
570 360
600 360
630 360
660 360
690 360
720 360
750 360
1140 360
0 390
30 390
60 390
90 390
120 390
150 390
180 390
210 390
240 390
270 390
300 390
330 390
540 390
570 390
600 390
630 390
660 390
690 390
720 390
750 390
1140 390
0 420
30 420
60 420
90 420
120 420
150 420
180 420
210 420
240 420
270 420
300 420
330 420
540 420
570 420
600 420
630 420
660 420
690 420
720 420
750 420
1140 420
0 450
1140 450
0 480
1140 480
0 510
1140 510
0 540
1140 540
0 570
1140 570
0 600
30 600
60 600
90 600
120 600
210 600
240 600
300 600
330 600
360 600
390 600
420 600
450 600
480 600
540 600
570 600
600 600
630 600
660 600
690 600
720 600
750 600
780 600
810 600
840 600
870 600
900 600
930 600
960 600
990 600
1140 600
0 630
30 630
60 630
90 630
120 630
210 630
240 630
300 630
330 630
360 630
390 630
420 630
450 630
480 630
540 630
570 630
600 630
630 630
660 630
690 630
720 630
750 630
780 630
810 630
840 630
870 630
900 630
930 630
960 630
990 630
1140 630
0 660
30 660
60 660
90 660
120 660
150 660
180 660
210 660
240 660
270 660
300 660
330 660
360 660
390 660
420 660
450 660
480 660
510 660
540 660
570 660
600 660
630 660
660 660
690 660
720 660
750 660
780 660
810 660
840 660
870 660
900 660
930 660
960 660
990 660
1020 660
1050 660
1080 660
1110 660
1140 660